9927|135607|3491
6762|30844|37619
8359|3356|3491
8879|3320|9145
3491|19551|133617
6453|1299|6939
3356|1299|5588
17639|9821|20940
1299|174|22652
3491|20485|12555
30844|327799|327879
3356|16637|36974
43391|34619|8589
37282|3356|5511
174|5511|3216
7004|61522|19228
3356|12389|58026
47968|50509|6939
18734|6461|6453
12735|174|6453
198052|31133|1299
199599|20485|3491
20485|42861|47645
20764|3216|174
52873|12956|6762
3356|3910|3561
6939|36920|37377
23930|3491|174
28917|25143|25529
20485|3491|20940
31133|1299|12389
6461|3491|4651
3491|55410|18207
8657|174|37613
209|721|27064
10429|264255|26615
3356|174|267613
3356|5606|58247
5391|3320|1902
21252|12389|3356
6461|6453|8151
174|22652|30180
1299|2914|35916
174|135607|136515
3356|5511|37662
3356|9002|9304
10886|11956|3477
61135|6762|174
198052|31133|174
3491|7533|9676
12389|16300|49939
38442|6939|1299
3356|174|56813
37100|6453|2914
3356|2914|17054
28329|52752|264237
6453|34224|198003
15399|58453|1299
4809|1299|2914
3561|7991|2914
174|3356|196709
8447|8717|3356
7473|3491|17639
174|47794|202105
3910|3561|10855
26881|7029|6453
174|1299|6939
30936|12389|3257
40633|6648|131276
7473|6461|2914
5769|1299|6453
57344|1273|174
1299|174|3216
3491|9299|134802
9927|58453|3491
1299|8866|35464
27884|23520|6939
12389|3356|12430
2764|38561|2914
174|3356|2152
43722|48918|174
53163|52873|12956
174|6713|25543
23944|6939|6762
22457|577|1239
3491|6939|23947
1299|174|53951
61678|8167|7738
3491|3356|20485
3356|1299|1273
367|575|306
2914|9121|25145
36866|37662|9498
1299|174|267613
1299|12389|12668
3216|3356|9002
202984|25227|57724
58453|3491|21859
3491|174|135607
1299|6453|852
15808|37100|3257
174|6762|33765
4648|9241|45349
3257|174|30990
4761|58453|3491
9304|4637|6461
135607|3491|1239
3216|28840|12389
62081|3356|1299
174|1299|8262
3257|9498|37531
6762|1299|48237
2914|4134|59605
3491|17639|14201
16399|2828|63413
20485|48940|31133
29076|48422|6939
1273|174|17639
12297|3356|1299
3320|9145|50800
174|327814|37087
15412|9304|55821
8641|20764|20485
16637|37594|36892
58453|9927|135607
3356|22351|37205
58453|40065|2914
4775|1299|3491
36498|2914|3491
4775|6453|3491
58453|9304|137406
55644|3491|15412
7552|4637|6461
174|60171|328196
8657|174|327814
3491|12389|16300
1273|3491|38623
15743|1299|3356
20485|6762|20940
174|34056|44668
34927|12817|29317
6762|48237|35819
18187|4779|9304
6762|52871|262687
209|3561|15072
1299|6939|53486
55821|174|3356
28513|3491|174
52468|18747|27932
16019|1273|174
12389|3356|2914
264255|26615|6762
38561|2914|4648
28513|3549|6762
9583|58678|9498
135607|3491|174
2914|7552|131438
55644|55410|1273
3491|3356|9304
174|12956|3352
58453|40065|4635
2914|4651|136975
17639|135345|137406
174|6327|15102
35401|12389|3257
3356|135607|136515
10778|7004|6505
3257|28917|25143
20485|21252|12389
1299|6939|37662
9002|5391|3320
43061|174|1299
25145|3356|2914
6762|5511|28683
20764|3356|174
136975|10099|136255
23520|3491|52468
39737|1299|3356
33771|3356|16637
37662|9498|6453
25543|174|3257
57344|43561|34224
12389|3257|3491
3491|9498|24560
7991|3561|395516
15412|18101|9885
174|6762|5603
37248|37468|3549
1273|3491|12389
12297|3356|196709
8262|204281|50837
25319|39279|28990
2914|3223|132422
3257|12389|8641
209|3561|19300
3356|16637|37594
7552|3491|45899
15932|2914|3491
42442|3356|2914
6453|174|16735
26464|1299|26464
174|25229|56558
174|53062|262957
3491|132167|136480
6461|3491|45896
8167|7738|62663
1299|20485|34139
7738|11271|60725
2914|136168|132148
10778|22661|7004
6453|852|395075
135607|174|3491
3216|1273|3491
53163|262687|53163
209|3561|46885
43766|6762|1299
4651|3491|2914
9924|3491|7533
132876|136975|133524
34385|1299|2914
3356|1299|26464
10778|61522|21838
12389|43797|201643
6762|174|12180
37282|174|1299
58453|1299|6453
9304|137996|9299
27884|23520|3491
7473|136106|46062
1299|5603|39872
3491|20485|8641
3356|174|6764
6461|2914|4648
44901|8866|206511
5511|9304|38278
9304|55821|17970
1273|1299|18403
3491|20485|197535
1299|9049|44158
4230|28513|3491
174|7195|13786
53237|52320|4230
3356|22822|19905
135905|131418|131435
31133|28968|47193
6762|174|7195
42926|61135|6762
40065|2914|9121
131219|6453|174
1299|174|32102
31133|6762|174
7991|3561|22283
36866|8966|3257
7552|1273|3491
1273|3356|37282
8717|3356|44814
3356|39279|25319
203329|2914|8220
3356|209|721
43766|6762|174
6505|19338|19411
55821|9304|1273
174|1299|56308
1299|3257|28917
12310|174|3356
3356|8708|42568
17639|714|6185
12956|27757|28006
3491|15412|18101
12389|21103|8440
58678|9498|3491
5769|1299|174
43766|6762|48237
45430|3491|3356
262687|53163|52873
43561|174|1299
135607|45499|137406
3257|1299|6939
4775|1273|1299
8717|6777|57344
4635|9304|137406
35297|174|34056
264159|53237|52320
6939|6762|15412
9299|3491|55480
6939|53486|46641
2914|4809|136168
12389|3356|3491
6453|8151|15236
9002|44628|28917
28840|31133|174
39904|16019|1273
174|852|395075
9299|137406|9304
6762|3216|56939
31133|42526|57947
174|12778|5435
136106|38525|9340
7473|38442|6939
6453|1299|8866
6939|3356|9002
1299|6939|37273
20485|3491|12389
1299|8262|204281
3356|196709|201986
209|3561|53687
209|3561|14870
8641|20764|3356
3356|1299|133385
174|17639|136503
12389|1273|3491
1299|3356|19551
41148|31133|3356
174|132876|136255
5639|23520|3491
137996|9299|3491
5511|9304|136523
3491|174|9304
3491|174|53013
174|3257|9498
4134|59605|31452
3491|20485|204036
3257|6762|30844
6762|15412|9304
812|7311|3356
37613|174|8346
2914|1299|20473
56418|31133|174
5511|37662|327952
37027|15399|58453
18187|58453|9304
48422|6939|1299
3491|18187|4779
6777|57344|43561
58453|3491|9299
31133|196691|3216
18101|9885|55824
26615|52564|262299
1299|9049|5563
1299|1273|12389
31882|2828|15265
6461|803|393598
9587|15932|2914
40065|2914|132422
1273|174|25512
12389|21103|30745
6762|174|53062
37204|5511|30844
2914|3223|35916
8966|174|3356
40065|2914|40676
56149|38731|7552
2516|2914|58453
1299|12389|41106
4761|1299|3356
9498|4007|133179
3356|1299|20485
5511|16637|36974
39279|25319|39279
577|1299|6939
42|715|54390
12178|174|3356
3491|52468|18747
1299|133385|133524
61135|12735|174
209|3561|22064
39533|43727|44158
20485|3491|199524
8657|174|16637
174|3356|5603
45899|131418|63733
1299|1239|33088
3491|174|132876
31059|31225|9002
4775|4766|174
174|5511|16058
6453|174|18351
196709|201986|205277
6453|1299|136106
134739|45558|4651
9498|3491|6453
2914|133385|133524
57724|12389|3356
3356|3491|20485
7004|6505|19338
28329|13786|7195
9121|25145|48292
174|8346|327809
8708|1299|3356
3356|9002|31323
9049|5563|41928
37468|3549|3356
29170|47394|200045
9002|28840|31133
55644|1273|3491
174|12615|205352
16637|30986|327947
6939|3491|55821
3356|2914|7552
48918|174|3356
17970|55821|9304
174|3257|12389
1273|12389|43797
174|3356|50857
28329|16735|52747
18187|6453|174
205834|1257|174
1299|5588|197848
9304|20485|6762
6713|25543|37205
1273|1299|24088
44628|28917|3257
209|3561|16761
31133|56418|8359
7552|3491|174
5511|6453|37619
3491|17639|135345
11342|174|3356
8966|3257|6762
1299|3249|8240
51464|202984|9002
174|9304|137406
174|31133|42526
6762|16637|132471
9927|9299|174
1299|3491|9299
209|3561|54645
31167|8218|174
3491|45899|131418
3491|4651|136975
196755|174|3356
1273|174|34772
2914|3491|20473
36994|37057|10798
31133|174|5511
58453|9927|23930
17400|174|3356
3491|6648|131276
3491|20485|50859
9498|6453|1299
22457|577|1299
58453|38082|135300
39279|3356|39279
3491|55821|17970
1299|2914|715
7991|2914|20940
2914|8220|50246
3255|49204|3326
43561|57344|1273
3257|6762|12615
2914|45558|134739
3356|174|12741
1273|3491|9498
8966|174|6453
60168|31287|1299
174|3356|37084
2914|20485|42861
38525|9340|132434
9002|3356|3910
135607|3491|6461
174|29170|47394
1273|12615|205352
6453|2914|30844
577|3257|1299
42313|6762|174
5588|3356|174
3356|44814|44100
15808|6762|174
3356|12430|6739
136975|132876|174
25086|8359|1299
40065|4635|62325
3356|9002|57073
8953|58175|8708
209|3561|40340
2914|6762|15924
9927|135607|174
6762|1299|34779
174|3356|21775
43391|174|12956
2516|2914|4651
33765|37545|327798
136168|134736|134976
31027|24679|34432
20764|3356|1299
6762|174|29170
22661|7004|61522
12713|1273|174
174|12956|27757
174|3356|135607
31133|3356|12389
19411|22661|19228
3257|1299|9049
16399|10796|7843
6830|43171|62081
35773|29084|3356
3491|1239|9304
174|3356|8708
328571|37012|327853
1299|34779|49593
4761|3491|19551
4635|9304|45499
3758|3491|19551
5588|8953|58175
8167|266356|28329
18747|10778|22661
9002|3356|16509
53013|271566|21574
3257|3491|39533
43962|5588|3356
62663|6453|174
1273|1299|9299
22869|27884|23520
18747|27932|1
26464|3356|1299
29119|201942|174
43061|3212|6939
58175|5588|8953
8657|174|37288
9304|45499|137406
3491|132167|136975
6939|3491|52468
55329|135375|137952
6762|7738|11271
6453|174|9498
174|6453|34984
174|5511|16637
3491|1273|55410
37063|37027|15399
7552|3491|2914
59605|31452|39273
7473|3491|9498
1299|174|12741
7473|38442|4637
38442|7473|6461
9049|5563|48429
12389|8641|61068
3356|37084|10798
1299|174|45899
6939|3491|8100
3491|6939|18106
9002|4761|58453
2516|2914|136168
174|3356|9002
136975|133524|136613
9241|45349|4638
1299|9299|4797
38278|9498|3491
2914|136168|134736
1299|4648|132528
63199|3491|4134
136106|46062|138840
3212|6939|1299
174|3491|9299
8218|174|5511
9121|43260|60721
174|16637|30986
209|3561|40685
3491|2914|45903
3356|174|31133
199599|9002|3356
55644|3491|1273
1273|55410|18207
3491|20940|33905
38082|135300|4809
7738|62663|6453
12956|3352|204643
3491|2914|136168
30372|3356|2914
2914|9121|43260
6762|174|43391
18106|134809|133164
3257|6762|3216
3491|4635|9304
1299|48237|35819
15412|9304|45499
3491|6762|7738
174|34772|41557
47655|29226|12389
19523|174|6461
202984|9002|3356
3491|132167|134739
6453|174|135607
43171|62081|3356
26881|7029|6461
3491|39533|34927
3491|33765|37545
20764|20485|2914
48940|31133|174
3356|1299|12389
58453|9927|9299
30844|37183|36986
577|1239|174
31287|1299|174
11956|3477|20033
60168|174|1299
135345|9927|58453
3491|4761|38500
137406|9304|45499
264344|4230|28513
36498|2914|1299
19338|19411|22661
4775|174|40633
56111|9930|6453
174|3356|22822
3356|3491|12389
2516|1299|2914
40867|812|7311
21103|8440|8460
1299|2914|45558
174|9498|45769
174|16637|36974
37288|327992|327947
328571|37012|327965
45558|4651|3491
2914|4648|132528
7991|3561|55013
6762|5603|197663
52771|264159|53237
25543|174|3356
9299|174|3356
196709|49800|57162
174|44901|8866
10099|136255|132876
2914|12956|22927
20485|8641|61068
3491|9299|38445
31133|1299|174
3356|9050|48453
174|18351|24201
3356|174|33044
20485|50859|57953
209|3561|22087
57344|43561|174
27932|1|27932
135300|4809|1299
3491|20473|55079
6939|37662|25163
2914|58453|38082
3910|3561|16431
2914|715|54390
21320|174|3356
45430|4637|6461
135607|3491|4635
15808|37100|6453
45903|3356|2914
1299|20473|55079
13786|28329|52752
18187|3491|4635
23944|6939|3491
22661|19228|21838
1|27932|262234
7991|3561|17989
133372|6453|174
3491|17639|132554
174|3356|209
16637|36974|10798
174|12741|51717
37273|327799|327879
27064|367|575
43061|174|3356
4779|9304|45499
3326|1299|174
3491|2914|133385
40065|2914|20473
8717|3356|6453
5416|8966|2914
55410|1273|174
9304|1273|174
45349|4638|135647
43727|44158|61971
6453|3491|6648
174|9498|37616
3356|31027|24679
38623|3491|3786
1299|18403|131383
266356|28329|3356
3356|17639|135345
17639|9821|132795
1299|174|852
9498|3491|6939
3356|37100|328225
7552|3491|55329
174|3491|17639
3356|36994|37057
1257|174|12956
133385|133524|133384
61138|137409|6939
11271|60725|264387
12778|5435|6764
3491|52468|262179
8966|174|6762
5511|30844|37183
174|40633|6648
8966|6762|33765
5511|174|9498
48293|20764|3216
9121|2914|6762
174|31133|28968
6762|174|48237
47794|174|1299
3320|26464|3356
133623|58453|3491
10429|61678|8167
3491|3786|7562
3491|13591|262927
174|1299|39386
136523|45629|2914
25543|5511|174
48438|35297|174
2914|20473|7489
12956|6762|52871
174|37288|327992
4775|174|3491
29076|48293|20764
40065|2914|3223
45629|2914|12956
7552|1273|1299
34224|6453|1299
12389|3257|6762
3267|174|31133
136975|132876|3491
20485|2914|1299
1273|3491|55410
8359|1299|9049
6762|174|30990
5511|3216|205720
5511|28683|37385
50509|6939|3356
7991|3561|16645
7029|6461|63456
25227|57724|12389
2914|8717|197719
6939|15412|9304
1299|2914|8717
9927|23930|3491
721|27064|367
4648|132528|45355
30844|37619|37228
6762|33765|37619
174|3356|36994
3491|2914|18403
174|135607|45499
3491|6461|7473
201942|174|60458
209|3561|46160
22661|61522|21838
6939|23947|38527
37662|327952|37347
61745|61678|4230
19228|21838|3549
3356|1299|6682
12615|35773|29084
174|3356|46228
3356|6453|34224
1299|174|25229
3491|6453|4755
18187|6939|15412
42926|61135|12735
2914|3491|4651
20485|12555|51783
9299|3491|55303
6939|18106|134809
174|6453|37619
26615|6762|174
29614|1273|3356
209|3561|394787
131284|6762|16637
1299|136106|38525
3356|1299|9049
4651|4621|9551
31225|9002|3356
43561|34224|6453
174|48237|35819
197064|24724|1299
3356|9304|45499
52320|4230|28513
2516|3491|132167
30372|12178|174
174|6762|38193
5435|6764|56695
8359|3491|20485
3491|17639|18190
1299|3356|9050
12297|174|3356
29076|56418|31133
61522|19228|21838
48237|35819|207169
1299|174|11686
3491|12389|21103
6453|174|23947
174|3216|24811
17639|9304|714
1273|174|37613
15456|3356|174
45558|2516|1299
3491|17639|132792
6762|174|50673
3249|8240|62024
23520|3491|12956
174|37468|61832
8359|3356|1299
21838|3549|52246
174|3356|37100
16960|18734|6461
3491|17639|21433
3356|37282|328212
31133|174|3491
48237|47794|174
32732|6939|7018
9002|3356|1299
1299|6939|36920
3356|2914|9121
1299|6939|15102
20764|3216|3356
575|306|369
209|3561|19701
4637|6461|2914
6453|4755|134674
1299|3356|31027
202|11403|1299
30372|3356|46228
60879|20485|3491
5511|30844|327799
197078|20764|3216
3356|174|12778
29084|3356|174
3491|20485|198918
9177|31133|1299
3356|5603|199638
20485|197535|198918
58453|3491|18187
6939|1299|5603
3491|199524|42962
7311|3356|174
209|3561|29120
7219|174|36820
37613|174|6713
7029|6453|174
24534|131219|6453
3491|45896|56149
9930|6453|1299
3491|174|16735
198052|31133|6762
38757|3491|4761
22457|577|3257
3491|21859|24429
135345|135607|3491
28329|3356|174
23520|6939|3491
3491|17639|714
6939|1299|3257
3257|1299|6327
49204|3326|1299
174|6461|803
6762|174|37468
29614|8657|174
60168|31287|3257
18747|10778|61522
12389|12668|59641
34224|43561|57344
7552|3491|38623
7991|3561|63362
49107|31500|3267
48237|51375|5416
2914|45903|131438
29226|12389|3356
7473|3491|54994
174|5511|30844
9049|44158|61971
6128|3491|57866
43061|3356|174
12297|3356|47623
136975|133524|133384
3491|17639|132796
8966|2914|4134
6939|37273|327799
3491|3356|17639
2914|30844|328089
138840|3491|6939
132215|55410|1273
48237|35819|202105
6461|3491|132203
6762|38193|55714
3356|2914|20473
9304|38278|9498
35819|48237|47794
52468|18747|10778
3910|209|3561
9304|38278|15084
2914|4648|9241
1299|28968|47193
10796|7843|1299
44927|8641|20764
9304|136523|45629
3491|132876|136975
3491|20485|61308
9002|12615|35773
3356|196709|49800
20485|198052|31133
12491|33771|3356
1273|55410|132497
199599|174|63447
31133|174|3257
1239|9304|137406
6453|174|32113
8218|174|3491
2516|2914|4809
3491|4651|4621
3356|174|31287
21574|28329|16735
3491|45899|63754
37662|5511|6762
6762|26615|52564
37613|6762|5511
9299|3491|19551
50369|12310|174
174|3356|22351
1299|1273|12615
174|37613|328571
58453|9927|135345
55410|1273|3491
5511|30844|33567
45896|56149|131390
31287|3257|6762
31133|196691|9049
45558|2516|2914
3491|57866|8283
58175|8708|1299
1273|174|9498
196691|9049|202058
3491|39533|43727
3356|3255|41285
28513|3491|6762
174|1299|133385
49893|21453|20764
4230|28513|3549
7552|38623|3491
7713|174|1299
57344|43561|1299
3491|12956|27924
132528|45355|135647
7843|1299|1239
1239|174|6327
61522|21838|3549
4637|6461|3491
61678|4230|28513
4635|62325|4809
6762|174|47794
11403|1299|174
5511|6762|33765
1299|2914|135391
135607|3491|3356
174|31287|49773
3255|41285|47664
3221|1299|3249
25086|8359|3356
174|53013|271566
56418|8359|3491
174|23947|38527
7311|3257|1299
18187|3491|3356
209|3561|16919
6762|12615|205352
4635|9304|56099
132876|9002|3356
6762|5603|197514
51375|5416|8966
196691|3216|1273
19332|3491|13591
174|12741|60335
37613|174|60171
46062|138840|3491
3320|26464|1299
7473|17639|135345
2914|1299|28968
3216|174|6762
57866|8283|47065
2516|3491|132876
131421|45903|3356
1299|12389|31225
11426|81|3356
271566|21574|28329
174|16735|52747
17400|174|5511
174|3356|16637
174|18187|58453
7195|1299|174
6453|37619|37228
6939|1299|4648
24724|1299|174
43061|6762|1299
3549|3356|16637
812|7311|3257
31133|174|3356
38442|4637|6461
39533|34927|12817
28840|12389|1273
12389|3257|1299
3491|55329|135375
6682|49800|57162
174|3491|33765
4637|45430|3491
36866|8966|174
2914|18403|131365
37100|3257|174
136106|46062|24534
4651|136975|133524
43061|174|6762
266356|28329|13786
9927|135345|135607
174|3491|20485
43561|1299|2914
49674|39737|1299
174|9498|4007
38731|7552|4637
174|9498|37531
136255|132876|9002
36917|17400|174
3549|6762|26615
3257|3356|3255
3491|9498|18207
28917|3257|3356
33765|37619|37228
174|267613|53138
174|25512|47767
1273|174|44901
132876|174|1299
37662|5511|6453
9002|9304|38278
3491|9299|4797
209|3561|63265
4766|174|3491
8447|8717|6777
174|43391|34619
36866|8966|6762
174|50673|201978
1221|2764|38561
13786|7195|1299
36866|37662|5511
5719|6128|3491
132876|3491|2914
3356|3491|55821
3216|24811|39860
6939|7018|46202
28968|47193|60931
31167|5511|174
209|3561|21622
3491|17639|9821
174|6764|56695
81|3356|10886
1299|39386|206694
137409|6939|3491
9304|714|6185
3356|2152|32361
3356|2914|20485
37468|61832|264158
267613|53138|266483
23944|3356|3491
31500|3267|174
3356|10886|11956
37613|328571|37012
1299|6682|49800
6461|7473|17639
46062|24534|131219
174|1299|5603
3491|12389|41556
29614|1273|174
37662|5511|30844
1299|174|12615
1299|6453|12491
174|1299|1273
174|30990|12684
41757|31133|1299
5511|9304|20485
4809|136168|135405
1299|6327|15102
7473|1299|174
1273|3491|20485
2914|40676|7489
1299|3356|5606
45558|2516|3491
3910|3561|40685
6821|12713|1273
3491|17639|23862
21453|20764|3356
62325|4809|1299
7195|13786|28329
12737|31133|174
