3257|3320|204201
8657|174|327814
3356|6453|20485
3257|5511|28118
19551|3491|19551
58453|267056|266167
5511|49666|25184
7552|4637|3491
2914|45896|56147
34171|174|3356
40498|209|3912
36866|37662|6939
3356|5603|197796
3257|3320|203278
1299|6762|20485
5511|3215|48703
5511|37662|36866
3257|3320|203325
5511|29571|37577
174|25229|29249
6762|19551|27999
8220|3356|3491
20940|6762|3491
20940|1273|701
11426|81|174
58453|9927|23930
174|22822|19905
5511|5583|51964
328983|37012|327965
3491|4637|38082
12329|15763|3356
5511|30844|37006
3257|3320|200517
6453|2914|55794
6762|3491|33765
3491|9498|45272
1299|24028|131996
36866|8966|2914
3257|5511|33831
6461|4637|45349
174|9498|37616
25184|34513|64414
8359|50340|1299
45896|56147|131381
3257|3320|206899
5511|57344|43561
45499|135607|174
49666|205647|24631
3257|5511|28708
7473|6461|174
3257|5511|37662
174|31287|35621
35753|6453|174
37100|2914|3491
174|8926|15836
3257|5511|36925
5511|9304|132139
29687|1299|174
174|16735|52747
3257|5511|8362
5511|8452|36998
43754|51074|42043
3257|5511|52468
39273|5416|174
3356|16637|36890
34006|3257|6461
3216|197498|31560
43766|6762|2914
197535|31133|174
7473|38442|4648
7713|6453|3491
1273|701|54934
3257|3320|11300
136106|38753|2914
31549|205647|31549
5511|12479|203534
49666|25184|48551
3491|3786|7562
31059|31225|9002
31712|286|174
3320|5483|30917
36866|8966|6453
42020|31126|15739
6762|174|37100
49666|25184|34513
47794|3356|174
30844|36965|327730
58453|9927|6939
3356|20764|34123
6762|6939|47394
6453|7713|55687
5511|3215|13223
54994|3491|1299
3257|5511|9009
1299|3356|20764
6762|5511|37541
6762|5511|3215
25229|3326|1299
6762|5511|47794
6453|20485|49107
1221|45349|4638
3491|4637|18403
5511|3215|202757
15412|3491|45543
7991|3561|16645
36498|2914|3491
1273|50973|21183
12778|5435|6764
58453|15399|37100
33765|3491|30844
5511|8697|21088
4637|18403|131365
49666|42440|16322
16637|36890|327799
201942|174|201346
208293|56484|200485
6762|5511|24863
24631|51235|58338
4637|1221|38049
174|12389|33892
3257|3320|58106
29614|1273|3491
26994|4323|3356
174|16735|14868
25184|44889|57577
3216|24936|38912
29076|42149|28917
3257|3320|2792
5511|12479|41074
6762|3491|714
12389|8749|34709
5511|3215|263175
23947|38525|59143
6762|3320|8412
5603|34772|41557
3320|5603|197391
3257|5511|5583
174|3356|12778
3257|3320|29037
12389|43797|201643
3356|1299|19551
6453|174|39386
12695|47440|49675
13178|12389|3356
3257|3320|6855
6849|174|13188
5511|30844|37619
49666|12880|58224
3257|3320|5603
60757|41798|31133
3356|174|39386
3491|17072|32098
30999|4788|6453
9002|31287|6453
49666|12880|42337
3257|3320|15540
8767|1299|174
3257|5511|37461
5511|49666|197207
29614|1273|3356
3320|209781|5400
3257|5511|22808
3257|5511|37233
174|1299|4761
174|8452|37250
5511|47377|207232
6453|174|16735
5511|3215|50758
1273|3491|327814
43754|49100|44090
3491|12389|49575
23520|3491|3257
5483|5588|51275
12389|12668|59641
328983|37012|327853
2914|8717|31014
1299|3491|9498
41798|31133|3356
3257|5511|15962
1299|133385|133524
8412|8666|44453
3320|8412|8666
8359|3356|2914
5511|3215|21272
6461|7473|7474
5639|23520|3491
42020|41833|206360
41689|43754|202468
3356|135607|136515
3257|5511|59378
30855|3216|3356
3491|1273|55410
20485|34139|31133
3257|5511|29075
21320|9199|35346
3257|5511|15383
3257|3320|13530
49666|12880|48147
3257|3320|47661
8866|43561|57344
6762|3320|43193
6461|174|17828
12615|47453|8717
5511|174|36958
8966|39273|5416
3356|12389|56634
12389|30767|30856
30844|37183|31856
3257|3320|34247
1299|174|8926
44901|6762|2914
59796|199524|174
6461|7473|17639
3320|5483|15555
3491|30844|36965
3257|3320|204138
5511|37204|328088
174|31133|44843
3216|3356|12389
7979|1299|7979
58453|17828|55792
7137|3491|6762
15412|45903|55318
1299|174|3216
5511|3356|31133
17408|3462|9680
3257|3320|5483
24961|35657|174
8657|174|37613
16399|2828|63413
3356|12389|203516
8220|42989|51201
34927|12817|29317
577|3491|19551
5511|3215|47820
9002|3356|174
7473|1299|3257
1273|6762|37613
136975|132876|6939
3491|45899|63754
5511|6853|49865
3257|3491|9924
5511|3215|8891
9299|2914|701
3257|5511|8723
3257|3491|133752
174|3356|34171
56484|200485|206190
8359|3356|6453
9002|7979|1299
3257|1299|6939
3356|12389|8749
81|174|3356
174|1299|24028
3320|12857|28918
9299|2914|4780
3257|3320|197347
37662|3491|33765
3491|2914|54994
3491|9498|24560
20485|49107|57947
174|37282|37304
37613|328983|37012
5511|52468|27796
7713|174|1299
3491|20485|60693
6762|63956|136895
56484|200485|199826
3257|3320|206798
31287|6453|174
2828|13767|26994
3257|3320|34086
2914|1299|45896
1299|8881|48778
3491|6453|18403
6453|6762|30844
3257|3320|12329
36866|8966|6762
6453|37619|37228
5511|3215|199917
3491|3257|21559
5511|3215|199140
3257|5511|12479
7473|1299|2914
3257|3320|48097
3356|6453|16509
2647|51964|22723
3257|5511|8528
38442|6939|6461
49666|48159|57218
3257|3320|34906
3257|3320|43329
21277|34984|3320
58453|3491|4760
9002|4761|3491
6762|20485|49505
174|37100|36948
15456|1299|174
7991|3561|17989
5769|174|1299
3491|20485|6856
49666|48159|197343
23520|3491|12956
577|1239|3356
5511|1299|15133
174|267613|53138
5769|1299|174
48293|20764|174
3491|6774|45899
37288|37613|30997
3356|36994|29614
1299|3356|10753
43754|44400|56616
3356|16637|30986
8697|8376|202092
49666|25184|42907
9924|3491|7533
61678|4230|6453
26881|46887|6461
3320|5483|42854
27742|7137|3491
8966|3356|2914
4648|132528|45355
3257|3320|205867
50973|21183|205832
3257|3320|199306
199524|174|1299
43061|174|3356
31133|3356|3491
49666|25184|49103
6663|5511|6762
43966|9002|3356
132528|45355|135647
174|12389|31225
3356|174|31042
9927|23930|4637
209781|5400|174
6762|5511|2647
36866|8966|174
31133|20632|47231
3910|209|3561
8879|3320|57837
3257|3320|12337
174|5400|36224
3257|5511|36947
3356|8220|42989
3491|9498|21433
1299|31042|8866
12479|13041|49638
3257|5511|48432
3491|2914|30844
5483|5588|47324
6774|45899|23900
137|174|2914
3257|21559|395471
12880|42337|49148
3257|3320|12857
8359|3356|12301
4637|38082|136255
4845|17408|3462
43754|44400|58081
3257|5511|2609
6461|58453|17828
3257|3320|39356
3257|5511|37582
132139|135391|2914
135607|174|6461
6762|5511|8452
209|3561|396352
8966|174|6762
205647|31549|62048
3320|6855|57788
6762|3320|12912
43766|6762|174
3491|6453|54994
3491|174|267613
3326|1299|174
6453|5511|23889
3257|3491|55480
6762|30844|37619
3356|135607|56099
174|3356|16637
9002|137557|58453
3257|3320|201545
2609|5438|37719
3491|8100|394180
28917|3257|174
20485|6856|198076
38623|3491|3786
34984|3320|1299
9304|4775|1299
266356|4230|28513
174|37282|327845
9002|3356|6453
3257|58453|17828
1299|174|22652
174|48237|35819
6762|174|48237
3257|3320|207248
49666|25184|201442
8220|6461|9498
59796|212573|21277
2914|7552|38731
5511|37662|37183
35140|20764|174
3320|39063|29108
2914|8717|203578
9119|6939|1239
6762|5511|49666
5603|21246|204285
2914|30844|37447
5511|12479|12386
6939|1299|4648
203217|200485|203904
2914|30844|37619
37662|6939|3491
2609|5438|37705
267613|53138|266483
3491|20473|55079
37613|30997|327992
5511|49666|41689
196691|50509|5511
6821|12713|6663
212573|208293|56484
3257|5511|29571
132829|3491|6774
3257|5511|37090
50509|5511|174
31133|44843|50870
3257|3320|57911
5511|45430|45458
3758|9255|134407
174|23947|38525
3320|5483|200940
5511|3215|3299
3320|5483|43860
29076|12389|3356
12389|3356|3216
4775|174|701
3257|5511|29544
19551|577|3491
5511|8697|8376
5511|31167|37390
207676|48347|59796
55821|9304|9002
3491|4651|4621
577|3257|1299
3491|9299|7306
7473|136106|38753
5511|3215|3259
5511|3215|16028
174|12615|205352
5511|29571|328193
174|7713|55687
3257|3320|9175
38442|6939|1299
4323|3356|39588
4657|1239|2914
174|31133|41034
6762|1273|50973
3356|12389|12695
3257|174|56992
3356|12389|35598
21103|8440|8460
6453|30844|37685
3257|3320|201530
12389|3356|3491
23520|3491|6762
205647|24631|51235
1299|174|31133
174|45474|59243
3356|37100|327927
12389|8641|51054
8657|174|16637
174|6774|43256
9299|2914|4134
3320|5483|15545
3320|5483|43529
4230|6453|174
42440|16322|60976
201942|3257|174
3257|3320|48049
2914|3491|20473
50973|21183|201524
5511|3215|51822
4761|3491|6453
6762|2914|8717
3257|5511|37552
12389|21103|8440
26881|7029|6453
262355|263599|262865
8359|3356|174
5511|9304|137996
3257|3320|58346
3257|5511|47377
4761|3491|19551
5416|174|48407
49666|41689|43754
286|174|42466
9002|8866|43561
16637|30986|327947
3491|33765|37619
6648|1273|3491
9049|1299|174
49666|25184|62157
6453|18403|131438
5511|12479|13041
12389|1273|6762
5511|12479|203457
6939|47394|196838
1299|39386|208293
31133|42861|206066
22457|577|3257
3491|6762|11367
3257|3320|200512
17400|174|3356
1299|4648|132528
5511|12479|202814
3491|6453|7713
17072|32098|17072
6762|5511|37094
41689|43754|51074
5511|3215|201072
1273|6762|63956
8966|6762|174
149848|132054|135607
41689|43754|50810
20940|6762|4637
15399|37100|2914
3573|8220|6461
9299|2914|4713
3356|31133|47104
31126|15739|13335
5511|42020|31126
3257|5511|5617
3257|3320|201834
8452|24863|37069
43561|57344|2914
7922|2914|46450
5511|6713|16058
1299|174|12389
174|16637|30986
1299|3257|58453
174|7713|38142
2914|4648|132528
5511|3215|206443
39386|208293|203217
42313|6762|1273
49666|25184|42867
3257|3320|202810
5511|8452|24835
43148|8359|3356
13058|34171|174
3356|1299|37100
3257|3320|202186
5511|29571|10798
174|9498|45609
209|3561|19701
5511|9500|7657
6461|4637|1221
5511|3215|206709
5511|23889|15084
30844|37619|37228
1221|38561|2914
25184|44889|59794
5435|6764|56695
20940|6762|32934
9680|1299|3257
6762|5511|45879
25184|34513|57574
174|132876|136255
3257|5511|37541
3257|5511|47794
12975|50670|44702
3257|3320|201667
3257|3491|9498
43332|56388|174
20485|1299|174
3320|5483|34059
8926|15836|207246
12880|42337|48431
3257|3491|20485
3356|174|16735
3257|5511|37492
3257|5511|6853
1239|17639|135345
12389|12668|51883
7473|17639|136503
6461|174|32113
5511|3215|9159
12713|6663|5511
3257|3320|8879
3257|3320|15499
36866|8966|3356
3257|5511|24863
209|15164|22398
3549|52940|264953
174|1299|31133
9304|132139|135391
7552|38731|131435
49666|25184|62265
1299|3491|9299
136106|24207|4761
3257|174|31133
8697|212573|208293
5511|12479|62332
28917|3257|3491
3257|3320|1902
3257|5511|45430
60299|44158|61971
1299|45896|56147
5511|3215|203253
1299|174|25229
12880|24631|21341
3257|3320|62460
6461|3356|135607
50340|1299|6762
174|5511|30844
6461|174|9498
17676|1239|24304
16058|6713|174
3257|3320|198139
8966|2914|174
30844|37619|36934
5511|3215|8255
5511|3215|197744
701|6648|131276
3356|1299|8881
48858|12389|1273
3491|12389|30767
3320|1299|133385
5511|3215|2278
7473|1299|7713
3257|3320|51733
3356|3491|9498
29076|48293|12389
3257|3320|57837
3257|3320|39063
42526|3216|3356
16637|30986|10798
174|23947|18365
3320|5483|41183
22457|577|6453
3356|3491|20485
8657|174|37288
49666|31549|205647
3491|3758|9255
3491|20485|9198
5511|37492|15084
3257|3320|12292
3356|174|31133
3257|6461|8218
57344|29582|198127
174|6762|30844
174|3356|5603
5511|8452|36992
174|327814|37087
38442|7473|1299
7552|3491|45899
58453|30990|3356
37662|3356|37100
5511|31167|327876
4637|31712|286
5511|3215|27806
38442|4648|9241
5511|2609|5438
3257|3320|8520
11956|3477|20033
3257|5511|25113
174|1299|12389
6306|3549|52386
5511|42020|41833
16322|60976|60178
48237|47794|3356
24028|131996|55873
5511|59378|38203
6939|6461|7473
6939|3356|135607
6762|5511|30844
3257|3320|12291
5511|3215|203359
2914|46450|55079
3257|5511|37037
35168|60757|41798
24534|131758|137352
2914|174|24534
3320|5483|43711
3257|3320|43193
38753|2914|174
17072|3491|17072
132054|9299|2914
3257|3320|6878
4775|701|2914
174|3356|12389
45349|4638|135647
6713|174|9498
4788|6453|5511
43061|3356|174
43966|31133|174
5511|42020|9051
6461|9498|21433
174|31042|3212
137996|149848|132054
9680|1299|12956
3491|57344|29582
3320|28676|29515
174|6461|7473
3356|2914|45896
20764|174|1299
3257|3320|16356
5511|3215|2103
5511|3215|16071
5511|12479|56571
174|1299|577
43754|49100|201150
7029|6461|174
24207|4761|6453
1239|2914|7552
3758|3491|19551
3356|174|12389
6461|8218|204273
6762|3491|9924
3549|52940|265298
43754|44400|62196
3257|5511|36963
1299|37100|36948
3257|3320|200491
5511|29535|206052
3320|5483|16280
7991|3561|55013
174|5511|29571
40498|209|30401
26881|46887|174
6939|6461|4637
174|37613|328983
3491|3257|135607
3257|3320|8373
174|4230|28256
30844|37183|36986
3356|3216|24936
10886|11956|3477
3356|37282|328212
20454|393985|209
7473|3491|9498
10396|23520|3491
4637|1221|45349
1299|6939|15102
4761|6453|2914
1299|15412|45903
1239|3356|6327
48347|59796|199524
3491|4761|58488
3257|3491|58779
5511|37204|37442
174|7713|58475
3257|5511|37204
60725|7474|7473
3356|12778|5435
43561|1299|31042
3320|5483|205285
12479|8311|39144
3216|3356|3491
60168|31287|1299
3257|3320|12898
4761|3491|174
6762|2914|32787
5400|174|22822
9304|9002|3356
174|17828|55792
4637|1221|24120
45349|4638|132248
36866|37662|3356
4637|45349|4638
205647|31549|43212
36498|7922|2914
3491|174|7713
6453|7473|17639
9241|6939|6461
3257|12615|205352
135391|2914|1299
174|3356|44600
1299|577|30336
2914|701|394453
20764|174|3356
3356|12389|43797
52940|28329|3549
701|2914|45896
6762|5603|34772
30844|37183|327971
174|34927|12817
46573|3491|8100
3257|3320|4809
20940|1273|3320
42|715|54390
7474|45349|4638
8966|3356|6453
5606|1299|174
5511|8452|24863
577|6453|174
41689|43754|50057
33561|209|18874
3257|5511|42020
3257|5511|34444
29076|48293|20764
3320|29037|205660
3320|5483|203331
5511|3215|51110
3257|5511|8697
6762|12956|57344
3257|3491|55303
10796|16399|2828
57344|43561|1299
174|6327|15102
5511|3215|199233
3257|5511|11960
45899|23900|17804
174|1273|36994
2914|4134|133775
4040|4766|55593
6762|5511|8362
3491|3257|12615
5511|3215|200102
3257|5511|2280
209|3912|40246
174|12389|12668
3257|5511|37054
3491|714|6185
18187|174|3356
137557|58453|3491
8966|3356|1299
7552|3491|6453
5511|3356|16637
3257|3320|12298
1273|55410|18207
3491|9924|38841
3257|3491|45543
6762|5511|6713
12880|42337|44045
393985|209|23192
5483|5588|15629
135607|3257|3491
54994|3491|2914
5511|37662|37154
5511|18403|131386
9304|137996|149848
8641|20764|174
174|12389|35598
6830|6461|6128
3320|5483|33954
4637|3491|3758
31287|3491|3257
3257|5511|15436
3257|5511|8452
174|3356|36994
17828|55792|134151
3257|5511|12576
6762|174|4230
6453|2914|19551
3320|5483|39531
133385|131322|18399
3257|3320|12912
5511|174|31133
13765|209|15164
36917|17400|174
174|24534|131758
7473|134078|4637
209|3561|22064
3257|3320|31352
17639|135345|137406
5511|3215|50664
50020|44901|6762
3257|3320|47487
6849|174|16066
17400|174|1273
5511|24863|37069
5511|3215|205746
5511|49666|48159
8966|174|5511
29614|8657|174
45430|3491|4651
43754|44400|198569
3257|3320|43292
1299|174|12615
174|12389|49675
3257|5511|49666
31042|8866|12962
48293|12389|5511
174|3356|5400
4637|6461|3356
13767|26994|4323
5511|3215|13034
174|3356|8220
132054|135607|3257
1299|4761|58488
1273|36994|37057
5511|24863|31065
4637|3491|38623
3257|3320|30941
174|1299|6939
5511|3215|3298
22457|577|1239
3257|3320|202847
3257|5511|60855
1299|174|34674
54994|3491|6453
3320|6855|50881
3257|5511|10991
44927|8641|20764
48237|35819|202105
9002|43332|56388
5511|12975|50670
174|31133|42861
5511|8723|39241
1299|133385|131322
174|31133|20632
7552|3491|38623
3257|3491|714
4230|28513|3491
3491|1239|17639
6453|3491|4761
3257|3320|29224
6224|209|6621
3257|5511|30985
1273|3356|37282
212573|21277|34984
208293|56484|60815
3257|5511|45903
3356|34171|20488
6762|3320|50469
12389|5511|3356
3491|9299|4797
5511|29535|206183
1299|174|34927
174|3356|135607
35003|12657|8767
1299|2914|4648
5511|49666|205647
7473|136106|24207
136975|132876|1299
3257|5511|12807
174|39386|58250
31042|3212|58056
8452|24835|36935
266167|6762|174
12956|57344|29582
5511|12479|20921
6939|1239|9119
36994|29614|10798
3320|5483|8294
28513|3491|174
3257|3320|50307
3257|3320|48545
3257|3320|56984
7473|17639|135345
3491|7533|9676
6762|4637|1221
30844|37447|37638
36866|37662|5511
3257|5511|10282
3320|5603|21246
3356|6453|7473
7991|3561|395516
37662|5511|174
134078|4637|3491
38561|2914|4648
5511|8697|212573
12657|8767|1299
8966|6453|6762
58460|60725|7474
196657|3216|3356
3257|5511|18403
262186|20940|3549
9002|3326|25229
12389|35598|44843
12389|12695|47440
18187|3491|1239
35657|174|3356
1299|34927|12817
7552|1299|174
8966|6762|5511
3320|5483|5588
174|3216|41942
3257|5511|3215
7473|6461|58453
5511|6762|5603
267056|266167|6762
29119|201942|174
31133|174|3356
7552|3491|4637
8697|9038|28730
43754|49100|50530
3491|327814|37087
6762|3320|5483
49666|205647|31549
3257|3491|36351
132876|6939|1299
1299|6939|46618
20764|34123|57368
3356|3491|12389
55644|3491|1273
49641|20764|20485
8359|3356|12389
30990|3356|37662
5511|12479|199738
208293|56484|197893
5511|24863|328052
20485|9198|203481
5511|29075|50087
50084|5606|1299
3257|5511|37094
20764|20485|1299
16322|60976|57474
3491|6762|19551
51269|3257|174
174|2914|198949
29535|197588|199551
3257|3320|35704
23764|3320|1299
3257|5511|29664
3320|5483|203583
3320|5483|16015
47453|8717|6762
45558|23764|3320
395471|18895|46868
9927|6939|3356
5511|9304|4775
263599|262865|3356
3257|3320|28676
8167|266356|4230
3356|44600|210056
1273|3491|9299
203329|1299|3356
3257|3320|8412
5483|5588|28924
29119|201942|3257
34139|31133|1299
7474|7473|6461
7029|6453|174
19551|3356|1299
3257|3320|204320
5511|6713|36903
3356|6327|15102
3491|20485|49107
3356|3216|197498
3257|5511|205756
9927|23930|3491
9002|51764|12389
6762|5511|12479
174|37288|37613
3320|29037|206063
3257|3320|43353
3257|5511|45879
174|3356|10886
49666|12880|24631
4637|137831|4657
3356|37662|327768
3356|6453|30844
28546|3549|11172
3257|3320|206285
49666|25184|43657
3326|25229|3326
3257|174|8452
1299|3257|40676
3356|2914|30844
4761|6453|174
3257|3320|52012
56388|174|3356
2914|4780|9919
20940|6762|5511
8717|6762|12956
5511|6453|37619
5511|8697|9038
46887|6461|174
15133|5511|1299
7473|19551|3491
12389|1299|174
38553|4775|701
7473|3491|134963
3257|3320|62204
3257|5511|29535
9500|7657|9898
5511|12479|206230
3320|5483|58098
133385|133524|133384
262865|3356|174
49666|48159|58224
41689|43754|49100
51764|12389|1299
5511|12479|8311
29614|1273|6762
3257|5511|12975
3257|5511|9500
16024|12329|15763
3257|135607|136515
3491|1299|15412
5511|37054|328061
49666|25184|60315
174|37282|328212
3257|174|201942
42313|6762|6939
174|16637|36974
5511|49666|42440
23930|4637|6461
3257|3320|5391
3257|3320|34984
49666|25184|51460
2914|174|16637
7473|7474|45349
3257|5511|12455
31287|1299|174
3320|5391|43547
3257|3320|36259
4648|9241|6939
37662|5511|6453
3257|3320|204965
6453|174|23947
3549|10753|263210
3257|5511|31167
12491|3491|2914
3216|3356|6453
42149|28917|3257
174|701|6648
5511|49666|44244
3491|4760|20940
209|3912|19470
9199|35346|50084
8657|174|37282
3320|5483|44651
25086|8359|3356
17400|174|5511
41689|43754|44400
1299|174|132876
9304|207676|48347
3573|8220|1299
20485|204323|43314
8359|3356|3491
9002|196657|3216
7991|3561|22283
3320|5483|49774
3257|5511|16189
36866|37662|3491
3257|5511|328126
6461|6128|19720
3491|9498|45609
3320|5483|41694
7029|6461|63456
3491|12956|27924
5511|2647|51964
45903|15412|3491
46887|174|32113
2914|3491|206283
35598|44843|50870
174|12389|43797
1299|31133|28968
3320|1299|39386
3257|3320|206620
6453|174|32113
3257|3320|395266
7552|38623|3491
3462|9680|1299
5511|3215|31629
17400|174|6774
31225|9002|3356
3257|5511|30844
28329|3549|52940
5511|9009|202292
1299|174|56813
5511|49666|31549
5511|36925|327989
3462|54994|3491
5511|49666|12880
12975|50670|205579
3257|3320|48951
8966|6762|3491
13194|174|3356
3257|5511|36991
21559|395471|18895
20940|3549|10753
4651|4621|9551
3257|5511|8346
3320|13058|34171
43314|48858|12389
31133|28968|47193
19855|3356|22511
36890|327799|327879
16735|14868|267640
4775|1299|3491
3257|3491|55410
5511|5617|21395
6939|3491|33765
33765|37619|37228
137831|4657|1239
149848|132054|9299
5511|47794|48695
3257|3320|197639
31133|41034|60856
31133|1299|3356
61745|61678|4230
6453|174|31287
15763|3356|1299
9002|12615|47453
1299|12389|8641
204323|43314|48858
5511|11960|27725
3549|11172|15107
3356|5603|15767
26881|7029|6461
4007|45845|136908
13194|174|5400
36994|37057|10798
5511|3215|206713
208293|203217|200485
5511|6853|15978
3257|3320|26121
37100|37662|5511
6762|37613|328983
17970|55821|9304
5511|3215|47818
60168|31287|3491
5511|29571|327773
24085|45543|3491
57344|2914|8717
3573|8220|3356
5511|9009|207020
45543|3491|1299
48237|35819|207169
20940|6762|3320
132876|1299|133385
3356|10886|11956
3491|12389|21103
28968|47193|60931
6453|174|6327
3257|3320|205807
3491|1299|54994
23930|3491|3257
6939|1299|133385
37662|5511|3356
3356|5400|36224
3257|5511|2647
35346|50084|5606
7474|7473|1299
5511|30844|10798
174|39386|42428
8220|1299|3491
